DMSP 5D-2 F14 (USA 131) 
1 24753U 97012A   19347.89114822  .00000017  00000-0  31987-4 0  9999
2 24753  99.0292 357.1938 0009046  20.3442 339.8090 14.15878063171817
NOAA 15                 
1 25338U 98030A   19347.85712085  .00000030  00000-0  31135-4 0  9991
2 25338  98.7342   8.6935 0011449  86.0653 274.1836 14.25943285122384
DMSP 5D-3 F15 (USA 147) 
1 25991U 99067A   19347.88575551 -.00000117  00000-0 -35967-4 0  9990
2 25991  98.9436 313.0895 0008954 272.6356 119.6983 14.16505828 34018
METEOSAT-8 (MSG-1)      
1 27509U 02040B   19347.85232285  .00000150  00000-0  00000-0 0  9994
2 27509   6.4010  54.8617 0001028 256.1142 119.6189  1.00265030 63415
DMSP 5D-3 F16 (USA 172) 
1 28054U 03048A   19347.94022221 -.00000093  00000-0 -25846-4 0  9993
2 28054  98.8891 322.8682 0008128  37.3672 344.5664 14.13674878833434
NOAA 18                 
1 28654U 05018A   19347.86468366  .00000102  00000-0  80222-4 0  9991
2 28654  99.0728  37.2960 0014735  39.9562 320.2691 14.12474006750579
METEOSAT-9 (MSG-2)      
1 28912U 05049B   19347.84473330  .00000031  00000-0  00000-0 0  9990
2 28912   4.0328  70.7851 0000418  98.8524 220.1021  1.00267328 51191
HIMAWARI-7 (MTSAT-2)    
1 28937U 06004A   19347.90118828 -.00000227  00000-0  00000-0 0  9992
2 28937   0.0551 248.0909 0003276  14.5191 289.1118  1.00274885 50654
FORMOSAT-3 FM6          
1 29047U 06011A   19347.67328806 -.00000021  00000-0  81207-5 0  9991
2 29047  71.9775 131.2079 0049809  21.7991 338.5249 14.28710342714640
FORMOSAT-3 FM1          
1 29048U 06011B   19347.89765511  .00000056  00000-0  38551-4 0  9994
2 29048  71.9676  41.8833 0044722 338.3481  21.5762 14.28668982717166
FORMOSAT-3 FM5          
1 29049U 06011C   19347.90914746  .00000071  00000-0  44318-4 0  9998
2 29049  72.0196 212.4436 0034770   6.5888 353.5698 14.28752719712958
FORMOSAT-3 FM3          
1 29050U 06011D   19347.83960600  .00000112  00000-0  33987-4 0  9998
2 29050  72.0162  17.7473 0052037 302.5319  57.0812 14.58862814729216
FORMOSAT-3 FM4          
1 29051U 06011E   19347.77289790  .00000072  00000-0  43810-4 0  9997
2 29051  72.0051 115.1318 0070096 248.3801 110.9859 14.28780815715529
FORMOSAT-3 FM2          
1 29052U 06011F   19347.85603669  .00000068  00000-0  42811-4 0  9997
2 29052  72.0331 188.6124 0041164 327.4651  32.3949 14.28883235713869
GOES 13                 
1 29155U 06018A   19347.90674556 -.00000336  00000-0  00000-0 0  9996
2 29155   0.2281  92.2177 0009861 168.9135 277.6416  0.99995950 19538
METOP-A                 
1 29499U 06044A   19347.92865707  .00000009  00000-0  23622-4 0  9993
2 29499  98.5515  35.8399 0001670  91.7505  80.5943 14.21491003682208
DMSP 5D-3 F17 (USA 191) 
1 29522U 06050A   19347.89140849 -.00000022  00000-0  11418-4 0  9992
2 29522  98.8118   2.0031 0009769 353.8648   6.2404 14.14010866676344
FENGYUN 3A              
1 32958U 08026A   19347.79786319  .00000019  00000-0  28845-4 0  9998
2 32958  98.3899 338.3728 0009032 151.6472 208.5196 14.18614109598366
FENGYUN 2E              
1 33463U 08066A   19347.86139541 -.00000190  00000-0  00000+0 0  9990
2 33463   3.9561  68.9406 0004173 274.7083 135.3485  1.00278492 40257
NOAA 19                 
1 33591U 09005A   19347.92707783  .00000035  00000-0  44484-4 0  9998
2 33591  99.1911 343.4658 0013156 237.0898 122.9007 14.12387278558809
GOES 14                 
1 35491U 09033A   19347.67968262 -.00000078  00000-0  00000-0 0  9993
2 35491   0.1384 282.7438 0012578 308.1173 351.7487  1.00271348 38271
METEOR-M 1              
1 35865U 09049A   19347.52200625  .00000009  00000-0  22585-4 0  9990
2 35865  98.4234 337.6804 0002912  38.5412 321.5974 14.22218689531358
DMSP 5D-3 F18 (USA 210) 
1 35951U 09057A   19347.91087969  .00000049  00000-0  48565-4 0  9992
2 35951  98.6311 339.2253 0010973 175.7484 184.3784 14.13234729297331
GOES 15                 
1 36411U 10008A   19347.80674240  .00000069  00000-0  00000-0 0  9994
2 36411   0.1629 273.6933 0001315 310.5815  20.3215  1.00280270 35833
COMS 1                  
1 36744U 10032A   19347.90674556 -.00000329  00000-0  00000-0 0  9991
2 36744   0.0526 138.9512 0001142 122.0254 275.9252  1.00272072 27251
FENGYUN 3B              
1 37214U 10059A   19347.72554779  .00000016  00000-0  31340-4 0  9994
2 37214  99.0235 321.8107 0017915  76.9328 283.3837 14.15933333471255
SUOMI NPP               
1 37849U 11061A   19347.90217735 -.00000004  00000-0  18678-4 0  9997
2 37849  98.7187 283.5048 0001509  83.2939 347.7424 14.19559947421161
FENGYUN 2F              
1 38049U 12002A   19347.93820125 -.00000343  00000-0  00000-0 0  9994
2 38049   1.6380  83.2761 0002089 355.6341  93.2305  1.00277714 29054
METEOSAT-10 (MSG-3)     
1 38552U 12035B   19347.84595462  .00000076  00000-0  00000-0 0  9994
2 38552   1.0404 353.1809 0002042 221.1516 181.6503  1.00271278 27055
METOP-B                 
1 38771U 12049A   19347.91046419  .00000009  00000-0  24005-4 0  9994
2 38771  98.7202  44.8055 0001505 141.5355  31.3688 14.21481119375520
FENGYUN 3C              
1 39260U 13052A   19347.91777872  .00000006  00000-0  24368-4 0  9996
2 39260  98.5801  40.4926 0011651  37.1063 323.0915 14.15878416322153
METEOR-M 2              
1 40069U 14037A   19347.76509143 -.00000028  00000-0  65653-5 0  9994
2 40069  98.5294  27.1140 0006745 101.6157 258.5768 14.20667697281703
HIMAWARI-8              
1 40267U 14060A   19347.90118828 -.00000260  00000-0  00000-0 0  9990
2 40267   0.0386 153.1433 0001125 119.6231 274.6469  1.00271209 18920
FENGYUN 2G              
1 40367U 14090A   19347.93567140 -.00000286  00000-0  00000-0 0  9990
2 40367   1.6436  97.3798 0003087 306.9147 114.0593  1.00282359 18207
METEOSAT-11 (MSG-4)     
1 40732U 15034A   19347.91578156  .00000012  00000-0  00000-0 0  9998
2 40732   0.6835 242.4253 0000143   4.7999 164.4839  1.00273710 16203
ELEKTRO-L 2             
1 41105U 15074A   19347.93104788 -.00000083  00000-0  00000-0 0  9994
2 41105   0.7589 100.7075 0000782 158.9601 233.9375  1.00272235 14682
HIMAWARI-9              
1 41836U 16064A   19347.90118828 -.00000259  00000-0  00000-0 0  9997
2 41836   0.0377  68.9994 0000959 183.7430 294.7460  1.00273830 11351
GOES 16                 
1 41866U 16071A   19347.87063166 -.00000232  00000-0  00000-0 0  9999
2 41866   0.0529 147.2627 0000827 151.7507  21.4940  1.00270902 11277
FENGYUN 4A              
1 41882U 16077A   19347.93671823 -.00000313  00000-0  00000-0 0  9995
2 41882   0.0920 296.4483 0003473 127.8328  99.7293  1.00264361 11149
CYGFM05                 
1 41884U 16078A   19347.80623217  .00000253  00000-0  15115-4 0  9997
2 41884  34.9555 139.2544 0015728 182.3921 177.6717 15.14509840165796
CYGFM04                 
1 41885U 16078B   19347.83938200  .00000264  00000-0  15510-4 0  9993
2 41885  34.9488 133.2497 0014196 191.4841 168.5548 15.15015891165850
CYGFM02                 
1 41886U 16078C   19347.83228559  .00000263  00000-0  15458-4 0  9993
2 41886  34.9579 134.8974 0014903 187.8097 172.2384 15.15018559165840
CYGFM01                 
1 41887U 16078D   19347.81779488  .00000249  00000-0  15016-4 0  9998
2 41887  34.9522 140.0330 0016192 183.4422 176.6179 15.14324176165787
CYGFM08                 
1 41888U 16078E   19347.79476514  .00000263  00000-0  15562-4 0  9992
2 41888  34.9493 136.7403 0015436 188.9386 171.1051 15.14736261165801
CYGFM06                 
1 41889U 16078F   19347.74439810  .00000267  00000-0  15694-4 0  9996
2 41889  34.9573 134.1279 0013849 187.3421 172.7089 15.15009334165839
CYGFM07                 
1 41890U 16078G   19347.85461819  .00000268  00000-0  15735-4 0  9991
2 41890  34.9512 132.6233 0013639 191.0802 168.9610 15.15007743165850
CYGFM03                 
1 41891U 16078H   19347.78363897  .00000271  00000-0  15894-4 0  9991
2 41891  34.9544 133.2572 0013106 189.5732 170.4731 15.15007368165846
FENGYUN 3D              
1 43010U 17072A   19347.81995263 -.00000033  00000-0  52241-5 0  9998
2 43010  98.7312 284.4637 0000429 260.4184  99.6943 14.19732235107717
NOAA 20                 
1 43013U 17073A   19347.85287531  .00000003  00000-0  22034-4 0  9990
2 43013  98.7386 283.4239 0001262  99.1313 261.0005 14.19550700107185
GOES 17                 
1 43226U 18022A   19347.80674240  .00000114  00000-0  00000-0 0  9991
2 43226   0.0587 129.7375 0000594 132.5669 333.1167  1.00270338  6579
FENGYUN 2H              
1 43491U 18050A   19347.93165853 -.00000111  00000-0  00000-0 0  9993
2 43491   1.0976 278.9995 0002670 258.5631 319.3051  1.00269850  5671
METOP-C                 
1 43689U 18087A   19347.78109687 -.00000044  00000-0  00000-0 0  9993
2 43689  98.7252  44.8207 0003578 147.7559 212.3828 14.21687025 57072
GEO-KOMPSAT-2A          
1 43823U 18100A   19347.90674556 -.00000328  00000-0  00000-0 0  9990
2 43823   0.0486 150.6135 0000180  24.2132   2.1682  1.00272147  3785
IOD-1 GEMS              
1 44385U 98067QK  19347.84228456  .00009227  00000-0  14204-3 0  9991
2 44385  51.6393 187.4020 0002442   8.0077 352.0953 15.54977805 25408
METEOR-M2 2             
1 44387U 19038A   19347.84136398 -.00000047  00000-0 -16770-5 0  9992
2 44387  98.5937 306.8652 0001655  14.1262 345.9963 14.23336113 22989
